Face, (312, 71, 462, 221)
Face, (310, 68, 460, 218)
Face, (310, 67, 460, 217)
Face, (308, 66, 461, 219)
Face, (310, 66, 461, 217)
Face, (312, 67, 462, 217)
Face, (313, 67, 461, 215)
Face, (314, 67, 461, 214)
Face, (314, 67, 463, 216)
Face, (313, 67, 462, 216)
Face, (312, 66, 463, 217)
Face, (312, 66, 464, 218)
Face, (317, 67, 466, 216)
Face, (318, 68, 465, 215)
Face, (317, 67, 466, 216)
Face, (318, 67, 468, 217)
Face, (319, 68, 466, 215)
Face, (320, 68, 468, 216)
Face, (320, 68, 468, 216)
Face, (319, 66, 469, 216)
Face, (320, 65, 471, 216)
Face, (321, 64, 471, 214)
Face, (323, 64, 472, 213)
Face, (320, 60, 476, 216)
Face, (321, 62, 474, 215)
Face, (318, 67, 470, 219)
Face, (317, 67, 471, 221)
Face, (317, 69, 469, 221)
Face, (317, 71, 467, 221)
Face, (316, 72, 469, 225)
Face, (316, 73, 468, 225)
Face, (318, 74, 468, 224)
Face, (319, 75, 468, 224)
Face, (3, 217, 99, 313)
Face, (320, 75, 473, 228)
Face, (11, 211, 109, 309)
Face, (322, 77, 471, 226)
Face, (13, 209, 115, 311)
Face, (323, 76, 472, 225)
Face, (14, 207, 118, 311)
Face, (323, 78, 471, 226)
Face, (28, 203, 137, 312)
Face, (323, 78, 471, 226)
Face, (34, 203, 144, 313)
Face, (322, 78, 471, 227)
Face, (67, 213, 177, 323)
Face, (323, 78, 471, 226)
Face, (77, 217, 186, 326)
Face, (322, 79, 470, 227)
Face, (85, 220, 195, 330)
Face, (320, 77, 471, 228)
Face, (95, 225, 200, 330)
Face, (120, 229, 215, 324)
Face, (321, 79, 470, 228)
Face, (127, 226, 221, 320)
Face, (320, 80, 467, 227)
Face, (319, 79, 468, 228)
Face, (127, 222, 224, 319)
Face, (319, 79, 467, 227)
Face, (126, 218, 225, 317)
Face, (318, 79, 467, 228)
Face, (121, 214, 221, 314)
Face, (319, 78, 469, 228)
Face, (82, 189, 199, 306)
Face, (320, 79, 470, 229)
Face, (71, 183, 191, 303)
Face, (319, 79, 468, 228)
Face, (59, 178, 183, 302)
Face, (319, 77, 467, 225)
Face, (318, 76, 466, 224)
Face, (316, 75, 465, 224)
Face, (59, 168, 179, 288)
Face, (312, 72, 464, 224)
Face, (57, 165, 179, 287)
Face, (312, 72, 460, 220)
Face, (58, 163, 183, 288)
Face, (306, 68, 457, 219)
Face, (59, 161, 185, 287)
Face, (289, 58, 442, 211)
Face, (63, 157, 191, 285)
Face, (283, 54, 433, 204)
Face, (64, 155, 193, 284)
Face, (263, 42, 420, 199)
Face, (68, 153, 196, 281)
Face, (254, 36, 414, 196)
Face, (71, 153, 200, 282)
Face, (244, 31, 406, 193)
Face, (75, 156, 198, 279)
Face, (237, 28, 398, 189)
Face, (78, 155, 204, 281)
Face, (226, 25, 387, 186)
Face, (79, 154, 206, 281)
Face, (201, 15, 365, 179)
Face, (86, 157, 203, 274)
Face, (195, 15, 356, 176)
Face, (85, 156, 203, 274)
Face, (193, 14, 353, 174)
Face, (82, 155, 201, 274)
Face, (190, 13, 350, 173)
Face, (81, 156, 197, 272)
Face, (191, 13, 352, 174)
Face, (73, 155, 192, 274)
Face, (193, 13, 355, 175)
Face, (69, 153, 191, 275)
Face, (282, 236, 341, 295)
Face, (198, 13, 362, 177)
Face, (64, 151, 189, 276)
Face, (201, 14, 367, 180)
Face, (61, 151, 186, 276)
Face, (229, 13, 393, 177)
Face, (53, 149, 180, 276)
Face, (242, 12, 403, 173)
Face, (51, 149, 178, 276)
Face, (253, 9, 413, 169)
Face, (50, 148, 179, 277)
Face, (266, 8, 425, 167)
Face, (50, 149, 178, 277)
Face, (277, 7, 436, 166)
Face, (48, 149, 180, 281)
Face, (297, 6, 457, 166)
Face, (61, 304, 170, 413)
Face, (49, 151, 178, 280)
Face, (49, 150, 179, 280)
Face, (308, 5, 467, 164)
Face, (317, 3, 475, 161)
Face, (48, 151, 178, 281)
Face, (320, 4, 471, 155)
Face, (51, 151, 178, 278)
Face, (321, 4, 470, 153)
Face, (52, 152, 176, 276)
Face, (316, 4, 467, 155)
Face, (51, 149, 178, 276)
Face, (316, 4, 467, 155)
Face, (51, 149, 178, 276)
Face, (287, 6, 439, 158)
Face, (51, 146, 180, 275)
Face, (282, 7, 429, 154)
Face, (51, 146, 181, 276)
Face, (271, 4, 416, 149)
Face, (51, 145, 182, 276)
Face, (265, 3, 411, 149)
Face, (49, 144, 183, 278)
Face, (264, 4, 405, 145)
Face, (52, 143, 185, 276)
Face, (257, 2, 404, 149)
Face, (52, 142, 186, 276)
Face, (255, 4, 403, 152)
Face, (51, 139, 188, 276)
Face, (255, 3, 410, 158)
Face, (51, 137, 188, 274)
Face, (262, 5, 413, 156)
Face, (49, 135, 190, 276)
Face, (260, 4, 414, 158)
Face, (49, 134, 192, 277)
Face, (260, 5, 416, 161)
Face, (51, 136, 190, 275)
Face, (260, 6, 419, 165)
Face, (52, 138, 187, 273)
Face, (263, 7, 423, 167)
Face, (52, 137, 189, 274)
Face, (265, 9, 427, 171)
Face, (53, 137, 189, 273)
Face, (264, 9, 432, 177)
Face, (54, 138, 191, 275)
Face, (276, 11, 444, 179)
Face, (56, 141, 190, 275)
Face, (276, 11, 447, 182)
Face, (57, 141, 192, 276)
Face, (281, 12, 450, 181)
Face, (58, 142, 193, 277)
Face, (283, 11, 452, 180)
Face, (58, 142, 194, 278)
Face, (286, 12, 457, 183)
Face, (60, 144, 194, 278)
Face, (289, 10, 460, 181)
Face, (66, 149, 196, 279)
Face, (296, 11, 464, 179)
Face, (72, 152, 204, 284)
Face, (298, 11, 466, 179)
Face, (74, 154, 207, 287)
Face, (300, 12, 466, 178)
Face, (77, 155, 209, 287)
Face, (298, 12, 466, 180)
Face, (79, 156, 211, 288)
Face, (299, 13, 468, 182)
Face, (82, 163, 211, 292)
Face, (299, 14, 469, 184)
Face, (81, 164, 210, 293)
Face, (299, 13, 469, 183)
Face, (78, 163, 210, 295)
Face, (299, 13, 469, 183)
Face, (78, 163, 210, 295)
